#DataThief /Users/villaa/./scdms-jc/July-2022-LowMassDMwCDMSlite/Figure1.png Wednesday 13-Jul-2022 9:42:58 AM
0.0412, 11.2681
0.0415, 11.462
0.0419, 11.462
0.0423, 11.462
0.0426, 11.462
0.043, 11.2681
0.0434, 11.2681
0.0438, 11.2681
0.0442, 11.2681
0.0445, 11.2681
0.0449, 11.0776
0.0453, 11.0776
0.0457, 11.0776
0.0461, 11.0776
0.0465, 11.0776
0.0469, 11.0776
0.0473, 10.8902
0.0477, 10.8902
0.0482, 10.8902
0.0486, 10.8902
0.049, 10.8902
0.0493, 10.7061
0.0499, 10.7061
0.0503, 10.7061
0.0507, 10.7061
0.0512, 10.525
0.0516, 10.525
0.0521, 10.525
0.0525, 10.525
0.053, 10.347
0.0535, 10.347
0.0539, 10.347
0.0544, 10.347
0.0549, 10.347
0.0554, 10.172
0.0558, 10.172
0.0563, 10.172
0.0568, 10.172
0.0573, 10.0
0.0578, 10.0
0.0583, 10.0
0.0588, 10.0
0.0593, 9.8309
0.0599, 9.8309
0.0604, 9.8309
0.0609, 9.8309
0.0614, 9.6646
0.062, 9.6646
0.0625, 9.6646
0.0631, 9.6646
0.0636, 9.5011
0.0642, 9.5011
0.0647, 9.5011
0.0653, 9.3405
0.0659, 9.3405
0.0664, 9.3405
0.067, 9.3405
0.0676, 9.1825
0.0682, 9.1825
0.0688, 9.1825
0.0694, 9.0273
0.07, 9.0273
0.0706, 9.0273
0.0712, 8.8746
0.0718, 8.8746
0.0725, 8.8746
0.0731, 8.7245
0.0737, 8.7245
0.0744, 8.7245
0.075, 8.577
0.0757, 8.577
0.0764, 8.577
0.077, 8.4319
0.0777, 8.4319
0.0784, 8.4319
0.0791, 8.2893
0.0796, 8.2893
0.0804, 8.1491
0.0811, 8.1491
0.0819, 8.1491
0.0826, 8.0113
0.0833, 8.0113
0.084, 8.0113
0.0847, 7.8758
0.0855, 7.8758
0.0862, 7.7426
0.087, 7.7426
0.0877, 7.7426
0.0885, 7.6117
0.0893, 7.6117
0.0901, 7.483
0.0908, 7.483
0.0916, 7.483
0.0924, 7.3564
0.0932, 7.3564
0.0941, 7.232
0.0949, 7.232
0.0957, 7.1097
0.0965, 7.1097
0.0974, 6.9895
0.0982, 6.9895
0.0991, 6.9895
0.1, 6.9895
0.1008, 6.8713
0.1017, 6.8713
0.1026, 6.7551
0.1035, 6.7551
0.1035, 6.6408
0.1044, 6.6408
0.1053, 6.5285
0.1062, 6.5285
0.1072, 6.5285
0.1081, 6.4181
0.109, 6.4181
0.11, 6.3096
0.1109, 6.3096
0.1118, 6.2029
0.1129, 6.2029
0.1139, 6.098
0.1149, 5.9948
0.1159, 5.8935
0.1169, 5.8935
0.1179, 5.8935
0.1189, 5.7938
0.12, 5.7938
0.121, 5.6958
0.1221, 5.6958
0.1231, 5.5995
0.1242, 5.5048
0.1253, 5.5048
0.1264, 5.4117
0.1275, 5.4117
0.1286, 5.3202
0.1297, 5.2302
0.1309, 5.2302
0.132, 5.1418
0.1331, 5.0548
0.1343, 5.0548
0.1355, 4.9693
0.1367, 4.8853
0.1379, 4.8853
0.1391, 4.8027
0.1403, 4.7214
0.1415, 4.7214
0.1427, 4.6416
0.144, 4.5631
0.1452, 4.4859
0.1465, 4.4859
0.1478, 4.4101
0.1491, 4.3355
0.1504, 4.2622
0.1517, 4.2622
0.153, 4.1901
0.1543, 4.1192
0.1557, 4.0496
0.157, 4.0496
0.1584, 3.9811
0.1598, 3.9137
0.1612, 3.8476
0.1626, 3.7825
0.1626, 3.7185
0.164, 3.6556
0.164, 3.5937
0.1654, 3.533
0.1901, 2.7826
0.1917, 2.7826
0.1934, 2.7826
0.1951, 2.7355
0.1968, 2.6892
0.1985, 2.6438
0.2002, 2.5991
0.202, 2.5551
0.2037, 2.5119
0.2055, 2.4694
0.2073, 2.4276
0.2091, 2.3866
0.2109, 2.3462
0.2109, 2.3066
0.2128, 2.2675
0.2146, 2.2292
0.2165, 2.1915
0.2184, 2.1544
0.2184, 2.1179
0.2184, 2.0822
0.2184, 2.047
0.2203, 2.0124
0.2222, 1.9783
0.2241, 1.9449
0.2261, 1.912
0.2281, 1.8796
0.2666, 1.2482
0.2689, 1.2482
0.2713, 1.2271
0.2713, 1.2064
0.2736, 1.186
0.276, 1.1659
0.276, 1.1461
0.2784, 1.1268
0.2784, 1.1078
0.2808, 1.089
0.2833, 1.0706
0.2833, 1.0525
0.2857, 1.0347
0.2882, 1.0172
0.2882, 1.0
0.2882, 0.983
0.2882, 0.9665
0.2882, 0.9501
0.2907, 0.9341
0.2907, 0.9183
0.2932, 0.9026
0.2958, 0.8875
0.2958, 0.8725
0.2984, 0.8577
0.2984, 0.8432
0.301, 0.8289
0.3009, 0.8149
0.3035, 0.8011
0.3062, 0.7875
0.3062, 0.7743
0.3089, 0.7612
0.3089, 0.7483
0.3115, 0.7356
0.3115, 0.7231
0.3143, 0.7109
0.317, 0.6989
0.317, 0.6871
0.3197, 0.6755
0.3197, 0.6641
0.3226, 0.6529
0.3225, 0.6418
0.3254, 0.631
0.3253, 0.6202
0.3282, 0.6098
0.3282, 0.5995
0.331, 0.5893
0.331, 0.5794
0.3338, 0.5695
0.3338, 0.5598
0.3368, 0.5505
0.3368, 0.5412
0.3397, 0.532
0.3397, 0.523
0.3427, 0.5142
0.3427, 0.5055
0.3457, 0.4969
0.3457, 0.4885
0.3487, 0.4803
0.3487, 0.4721
0.3517, 0.4642
0.3517, 0.4563
0.3548, 0.4485
0.3548, 0.441
0.3578, 0.4335
0.3578, 0.4262
0.3578, 0.419
0.361, 0.4119
0.361, 0.405
0.3641, 0.3981
0.3641, 0.3914
0.3673, 0.3848
0.3673, 0.3782
0.3705, 0.3719
0.3705, 0.3656
0.3704, 0.3594
0.3737, 0.3533
0.3737, 0.3473
0.3769, 0.3415
0.3769, 0.3357
0.3801, 0.33
0.3801, 0.3244
0.3801, 0.3189
0.3835, 0.3135
0.3835, 0.3082
0.3868, 0.303
0.3868, 0.2979
0.3902, 0.2929
0.3902, 0.2879
0.3902, 0.283
0.3936, 0.2783
0.3936, 0.2736
0.397, 0.2689
0.397, 0.2644
0.397, 0.2599
0.4003, 0.2555
0.4003, 0.2511
0.4039, 0.2469
0.4039, 0.2428
0.4039, 0.2387
0.4074, 0.2346
0.4074, 0.2307
0.411, 0.2268
0.411, 0.2229
0.411, 0.2191
0.4144, 0.2154
0.4144, 0.2118
0.4144, 0.2082
0.4181, 0.2046
0.4181, 0.2012
0.4218, 0.1978
0.4218, 0.1945
0.4217, 0.1912
0.4254, 0.188
0.4254, 0.1848
0.4254, 0.1817
0.4291, 0.1786
0.4291, 0.1756
0.4291, 0.1726
0.4328, 0.1697
0.4328, 0.1668
0.4328, 0.164
0.4365, 0.1612
0.4404, 0.1585
0.4404, 0.1558
0.4404, 0.1532
0.4404, 0.1506
0.4442, 0.148
0.4442, 0.1455
0.4442, 0.1431
0.4481, 0.1407
0.448, 0.1383
0.448, 0.1359
0.4519, 0.1336
0.4519, 0.1314
0.4559, 0.1314
0.4559, 0.1292
0.4559, 0.127
0.4559, 0.1248
0.4598, 0.1227
0.4598, 0.1206
0.4598, 0.1186
0.4638, 0.1166
0.4638, 0.1146
0.4638, 0.1127
0.4638, 0.1108
0.4638, 0.1089
0.4678, 0.1071
0.4678, 0.1053
0.4678, 0.1035
0.4719, 0.1017
0.4719, 0.1
0.4719, 0.0983
0.476, 0.0966
0.476, 0.095
0.4801, 0.095
0.4801, 0.0934
0.4801, 0.0918
0.4801, 0.0903
0.4801, 0.0887
0.4801, 0.0872
0.48, 0.0858
0.5188, 0.0541
0.5234, 0.0541
0.5234, 0.0532
0.5234, 0.0523
0.5279, 0.0514
0.5279, 0.0505
0.5279, 0.0497
0.5279, 0.0489
0.5279, 0.048
0.5279, 0.0472
0.5325, 0.0472
0.5325, 0.0464
0.5325, 0.0456
0.5324, 0.0449
0.5324, 0.0441
0.5324, 0.0434
0.5324, 0.0426
0.5324, 0.0419
0.5324, 0.0412
0.5324, 0.0405
0.537, 0.0398
0.537, 0.0391
0.537, 0.0385
0.537, 0.0378
0.537, 0.0372
0.5415, 0.0366
0.5415, 0.0359
0.5464, 0.0352
0.5463, 0.0347
0.5463, 0.0341
0.5463, 0.0336
0.5511, 0.033
0.5511, 0.0324
0.5511, 0.0319
0.551, 0.0314
0.551, 0.0308
0.5558, 0.0303
0.5558, 0.0298
0.5558, 0.0293
0.5558, 0.0288
0.5558, 0.0283
0.5558, 0.0278
0.5558, 0.0274
0.5606, 0.0269
0.5606, 0.0264
0.5655, 0.026
0.5655, 0.0256
0.5655, 0.0251
0.5654, 0.0247
0.5654, 0.0243
0.5704, 0.0239
0.5704, 0.0235
0.5703, 0.0231
0.5703, 0.0227
0.5703, 0.0223
0.5753, 0.0219
0.5753, 0.0215
0.5753, 0.0212
0.5752, 0.0208
0.5803, 0.0205
0.5802, 0.0201
0.5802, 0.0198
0.5802, 0.0194
0.5802, 0.0191
0.5802, 0.0188
0.5853, 0.0185
0.5852, 0.0182
0.5852, 0.0179
0.5852, 0.0176
0.5852, 0.0173
0.5852, 0.017
0.5903, 0.0167
0.5903, 0.0164
0.5903, 0.0161
0.5903, 0.0158
0.5901, 0.0156
0.5954, 0.0153
0.5954, 0.0151
0.5954, 0.0148
0.5953, 0.0146
0.5953, 0.0143
0.5953, 0.0141
0.6005, 0.0138
0.6005, 0.0136
0.6005, 0.0134
0.6005, 0.0131
0.6005, 0.0129
0.6004, 0.0127
0.6057, 0.0125
0.6057, 0.0123
0.6057, 0.0121
0.6056, 0.0119
0.6056, 0.0117
0.6056, 0.0115
0.6109, 0.0113
0.6109, 0.0111
0.6109, 0.0109
0.6109, 0.0107
0.6108, 0.0105
0.6162, 0.0103
0.6162, 0.0102
0.616, 0.01
0.616, 9.8309e-3
0.616, 9.6646e-3
0.616, 9.5012e-3
0.616, 9.3405e-3
0.6215, 9.1825e-3
0.6214, 9.0273e-3
0.6214, 8.8746e-3
0.6214, 8.7245e-3
0.6214, 8.577e-3
0.6214, 8.4319e-3
0.6214, 8.2893e-3
0.6268, 8.1491e-3
0.6268, 8.0113e-3
0.6268, 7.8758e-3
0.6268, 7.7426e-3
0.6267, 7.6117e-3
0.6267, 7.483e-3
0.6267, 7.3564e-3
0.6322, 7.232e-3
0.6322, 7.1097e-3
0.632, 6.9895e-3
0.632, 6.8713e-3
0.632, 6.7551e-3
0.632, 6.6408e-3
0.632, 6.5285e-3
0.6376, 6.4181e-3
0.6376, 6.3096e-3
0.6376, 6.2029e-3
0.6376, 6.098e-3
0.6375, 5.9948e-3
0.6375, 5.8935e-3
0.6375, 5.7938e-3
0.6375, 5.6958e-3
0.6431, 5.5995e-3
0.643, 5.5048e-3
0.643, 5.4117e-3
0.643, 5.3202e-3
0.643, 5.2302e-3
0.643, 5.1418e-3
0.643, 5.0548e-3
0.643, 4.9693e-3
0.6486, 4.8853e-3
0.6486, 4.8027e-3
0.6484, 4.7214e-3
0.6484, 4.6416e-3
0.6484, 4.5631e-3
0.6484, 4.4859e-3
0.6484, 4.4101e-3
0.6484, 4.3355e-3
0.6541, 4.2622e-3
0.6541, 4.1901e-3
0.6541, 4.1192e-3
0.6541, 4.0496e-3
0.6541, 3.9811e-3
0.6541, 3.9137e-3
0.654, 3.8476e-3
0.654, 3.7825e-3
0.654, 3.7185e-3
0.6597, 3.6556e-3
0.6597, 3.5938e-3
0.6597, 3.533e-3
0.6597, 3.4733e-3
0.6597, 3.4145e-3
0.6596, 3.3568e-3
0.6596, 3.3e-3
0.6596, 3.2442e-3
0.6596, 3.1894e-3
0.6596, 3.1354e-3
0.6653, 3.0824e-3
0.6653, 3.0303e-3
0.6653, 2.979e-3
0.6653, 2.9286e-3
0.6653, 2.8791e-3
0.6653, 2.8304e-3
0.6652, 2.7826e-3
0.6652, 2.7355e-3
0.6652, 2.6892e-3
0.6652, 2.6438e-3
0.671, 2.5991e-3
0.671, 2.5551e-3
0.671, 2.5119e-3
0.671, 2.4694e-3
0.6709, 2.4276e-3
0.6709, 2.3866e-3
0.6709, 2.3462e-3
0.6709, 2.3066e-3
0.6709, 2.2675e-3
0.6709, 2.2292e-3
0.6709, 2.1915e-3
0.6766, 2.1544e-3
0.6766, 2.118e-3
0.6766, 2.0822e-3
0.6766, 2.047e-3
0.6766, 2.0124e-3
0.6766, 1.9783e-3
0.6766, 1.9449e-3
0.6766, 1.912e-3
0.6766, 1.8796e-3
0.6766, 1.8478e-3
0.6766, 1.8166e-3
0.6825, 1.7859e-3
0.6824, 1.7557e-3
0.6824, 1.726e-3
0.6824, 1.6968e-3
0.6824, 1.6681e-3
0.6824, 1.6399e-3
0.6824, 1.6122e-3
0.6824, 1.5849e-3
0.6823, 1.5581e-3
0.6823, 1.5317e-3
0.6823, 1.5058e-3
0.6823, 1.4804e-3
0.6823, 1.4553e-3
0.6882, 1.4307e-3
0.6882, 1.4065e-3
0.6882, 1.3827e-3
0.6882, 1.3594e-3
0.6882, 1.3364e-3
0.6882, 1.3138e-3
0.6881, 1.2915e-3
0.6881, 1.2697e-3
0.6881, 1.2482e-3
0.6881, 1.2271e-3
0.6881, 1.2064e-3
0.6881, 1.186e-3
0.6881, 1.1659e-3
0.688, 1.1462e-3
0.688, 1.1268e-3
0.694, 1.1078e-3
0.694, 1.089e-3
0.7001, 1.0706e-3
