0.1379418434 
0.1395050199 
0.1431089032 
0.1479752211 
0.1481221018 
0.1518403680 
0.1571524701 
0.1584848435 
0.1589653278 
0.1597860673 
0.1600304177 
0.1643565890 
0.1645956388 
0.1658442045 
0.1699314970 
0.1701425119 
0.1717743048 
0.1938695336 
0.1955947108 
0.1958248324 
0.2315334150 
0.2713273984 
0.3168078876 
0.3658061402 
0.5078759627 
0.5125031073 
0.5162360477 
0.5992908074 
0.6759045106 
0.6939391546 
0.7162336803 
0.7416577228 
0.8124555517 
0.8713844034 
0.9104342995 
0.9747201653 
0.9936305859 
1.0263320712 
1.0391675369 
1.1121268272 
1.1574821987 
1.1662915255 
1.1679416034 
1.1784776278 
1.1929048428 
1.2062137008 
1.2174698736 
1.2266109227 
1.2277725996 
1.2292857247 
1.2345946888 
1.2353958987 
1.2366468772 
1.2371052295 
1.2374254844 
1.2423539135 
1.2423940230 
1.2431621519 
1.2437772203 
1.2467369100 
1.2490709657 
1.2530850543 
1.2540810345 
1.2541450347 
1.2546483906 
1.2551336907 
1.2552650735 
1.2593493725 
1.2611653335 
1.2618807027 
1.2622146855 
1.2636649668 
1.2647617596 
1.2652544894 
1.2653147325 
1.2671154989 
1.2686849934 
1.2698756975 
1.2709525027 
1.2710452486 
1.2717405773 
1.2718584414 
1.2736867700 
1.2737261164 
1.2745193783 
1.2760193772 
1.2765954069 
1.2778050631 
1.2781171696 
1.2795206560 
1.2798081460 
1.2800281380 
1.2800914558 
1.2811007852 
1.2826270990 
1.2828257205 
1.2828654412 
1.2837135031 
1.2842252814 
1.2857749321 
1.2879287107 
1.2880243463 
1.2885389520 
1.2890269879 
1.2893143948 
1.2900737881 
1.2907309208 
1.2908305377 
1.2913647874 
1.2917558005 
1.2923178473 
1.2932825178 
1.2937661921 
1.2938973905 
1.2945979438 
1.2947019071 
1.2950153876 
1.2953147395 
1.2960005566 
1.2973629579 
1.2977167003 
1.2977804547 
1.2985464623 
1.2985600616 
1.2991715041 
1.3004695902 
1.3005181610 
1.3005292891 
1.3022306562 
1.3027061135 
1.3050327242 
1.3064102026 
1.3064215529 
1.3070611462 
1.3074072615 
1.3077128051 
1.3077802194 
1.3079240802 
1.3085397625 
1.3086169015 
1.3088433283 
1.3089194383 
1.3104312227 
1.3107162111 
1.3145072619 
1.3155425733 
1.3156508227 
1.3157079667 
1.3175326413 
1.3178062853 
1.3187101638 
1.3188459567 
1.3192489599 
1.3202909656 
1.3209874175 
1.3211879244 
1.3221230853 
1.3224914072 
1.3238158412 
1.3250787214 
1.3256032126 
1.3265508956 
1.3266000307 
1.3271344838 
1.3281658233 
1.3281780840 
1.3305661679 
1.3327926580 
1.3331333452 
1.3333759723 
1.3355439093 
1.3362973042 
1.3375957098 
1.3380932791 
1.3405824721 
1.3408766700 
1.3428457917 
1.3445876439 
1.3452527247 
1.3453494271 
1.3465592576 
1.3470361568 
1.3472207826 
1.3473278616 
1.3492678521 
1.3494405317 
1.3509193834 
1.3528624465 
1.3535729057 
1.3697629242 
1.3754766374 
1.3805330807 
1.3818542057 
1.3873909270 
1.3946367192 
1.4390048550 
1.4834790674 
1.5351847268 
1.5956922428 
1.5972946670 
1.6112062321 
1.6851169225 
1.7075247107 
1.7473231368 
1.8778985132 
1.8872650022 
1.8887082478 
1.9180383441 
