0.1274270920 
0.1290056365 
0.1322167069 
0.1343948397 
0.1386833439 
0.1424537852 
0.1468820548 
0.1507966858 
0.1522452165 
0.1549409735 
0.1579696893 
0.1601307271 
0.1649365748 
0.1672340614 
0.1675614566 
0.1702888563 
0.1706710979 
0.1715271779 
0.1745930849 
0.1848653035 
0.1873534551 
0.2100395375 
0.2145391601 
0.2199922434 
0.3189707311 
0.4191497930 
0.4836890599 
0.4870709460 
0.5789880602 
0.5898589725 
0.5986748224 
0.7013391614 
0.9138558853 
0.9165220295 
1.1124142193 
1.1299593202 
1.1860604015 
1.2117714488 
1.2130762109 
1.2263067181 
1.2304956158 
1.2318613583 
1.2338196752 
1.2344439813 
1.2346960474 
1.2358669903 
1.2389181431 
1.2402436412 
1.2412392934 
1.2420460899 
1.2436954214 
1.2437362492 
1.2479252905 
1.2485923594 
1.2545295149 
1.2549714220 
1.2567380793 
1.2567950395 
1.2574500977 
1.2592161446 
1.2593734601 
1.2596206662 
1.2611835620 
1.2619075586 
1.2626868060 
1.2627741344 
1.2630210419 
1.2638144374 
1.2675603402 
1.2678524406 
1.2690049559 
1.2701487636 
1.2749207679 
1.2760740590 
1.2765261850 
1.2765772372 
1.2785094364 
1.2790739820 
1.2793768603 
1.2805356773 
1.2809666012 
1.2818942641 
1.2818974830 
1.2820417765 
1.2842057490 
1.2843119656 
1.2848352745 
1.2851504221 
1.2851558217 
1.2853280383 
1.2855331687 
1.2856628990 
1.2862752048 
1.2864846194 
1.2866191352 
1.2881816078 
1.2895423245 
1.2896790595 
1.2906958050 
1.2923936245 
1.2942822424 
1.2942868657 
1.2948070051 
1.2948785496 
1.2949887587 
1.2967879077 
1.2970116922 
1.2973737040 
1.2987195280 
1.2995792931 
1.3004474578 
1.3006501654 
1.3007686271 
1.3010775055 
1.3012483488 
1.3013050542 
1.3017546016 
1.3018259256 
1.3035901051 
1.3040990652 
1.3053873043 
1.3055985362 
1.3060636271 
1.3062198760 
1.3084559111 
1.3092509661 
1.3106421380 
1.3110272822 
1.3113909041 
1.3130824838 
1.3133012862 
1.3137653480 
1.3146206102 
1.3168033838 
1.3168140248 
1.3177831501 
1.3181513324 
1.3184392598 
1.3199108798 
1.3203556590 
1.3207345136 
1.3213171238 
1.3215729699 
1.3236884615 
1.3239921534 
1.3241319535 
1.3241920699 
1.3242793350 
1.3251791248 
1.3270219139 
1.3272908441 
1.3273414149 
1.3275177894 
1.3278988098 
1.3280787283 
1.3286108923 
1.3299689799 
1.3316205356 
1.3316707640 
1.3325724134 
1.3326841628 
1.3328554089 
1.3339964580 
1.3347602820 
1.3348300180 
1.3382671331 
1.3399750295 
1.3400161209 
1.3405490571 
1.3415354632 
1.3452535223 
1.3469380186 
1.3478335593 
1.3496773429 
1.3499025764 
1.3503608201 
1.3504497988 
1.3522648591 
1.3539031626 
1.3540193867 
1.3586255525 
1.3602678869 
1.3616422641 
1.3618023255 
1.3683651561 
1.3781648676 
1.4055767820 
1.4526266153 
1.5126367236 
1.5916651732 
1.6424101350 
1.7044579597 
1.9366016732 
